image: map.png
mode: trinary
resolution: 0.010000
origin: [12.500000, 7.500000, 3.141593]
negate: 0
occupied_thresh: 0.65
free_thresh: 0.196
